-4.7
 2.7
-5.0
 6.5
 9.2
-5.9
 7.4
 2.6
 6.4
-8.2
 0.5
-2.0
-8.3
-7.5
-9.8
 2.7
 3.4
-7.1
 8.4
-5.5
 9.0
 6.7
 9.8
 2.2
-5.2
 1.1
 9.2
 8.9
-5.5
 9.7
-0.5
 3.5
-1.2
-7.7
-5.6
 4.4
 9.9
-4.2
-9.3
-4.2
 8.8
-7.3
 0.7
-9.0
-9.1
-3.4
-9.4
 5.2
-8.2
-6.5
-3.7
-6.6
-9.0
 0.7
-1.6
-9.6
-9.2
-4.8
-9.4
 5.1
 4.6
 9.4
-2.1
-8.3
-4.6
 8.6
-5.7
-1.6
-8.6
 2.2
 1.0
 6.2
 6.1
-7.1
 3.8
 1.5
 5.3
 5.7
 6.1
 5.3
 6.7
 7.2
 7.4
 6.4
 2.9
 5.1
 7.7
 9.1
 4.9
 9.4
-4.2
-6.0
-1.2
-3.9
 9.1
 2.8
 6.3
-1.8
-6.3
 8.2
