1.0,		0.5,		0.25,		0.125,		0.0625,		0.03125,		0.015625,		0.0078125,		0.00390625,		0.001953125,		9.765625E-4,		4.8828125E-4,		2.44140625E-4,		1.220703125E-4,		6.103515625E-5,		3.0517578125E-5,		1.52587890625E-5,		7.62939453125E-6,		3.814697265625E-6,		1.9073486328125E-6,		3.960897445678711
-0.5,		1.0,		0.25,		0.125,		0.0625,		0.03125,		0.015625,		0.0078125,		0.00390625,		0.001953125,		9.765625E-4,		4.8828125E-4,		2.44140625E-4,		1.220703125E-4,		6.103515625E-5,		3.0517578125E-5,		1.52587890625E-5,		7.62939453125E-6,		3.814697265625E-6,		1.9073486328125E-6,		3.460897445678711
-0.25,		-0.25,		1.0,		0.125,		0.0625,		0.03125,		0.015625,		0.0078125,		0.00390625,		0.001953125,		9.765625E-4,		4.8828125E-4,		2.44140625E-4,		1.220703125E-4,		6.103515625E-5,		3.0517578125E-5,		1.52587890625E-5,		7.62939453125E-6,		3.814697265625E-6,		1.9073486328125E-6,		3.460897445678711
-0.125,		-0.125,		-0.125,		1.0,		0.0625,		0.03125,		0.015625,		0.0078125,		0.00390625,		0.001953125,		9.765625E-4,		4.8828125E-4,		2.44140625E-4,		1.220703125E-4,		6.103515625E-5,		3.0517578125E-5,		1.52587890625E-5,		7.62939453125E-6,		3.814697265625E-6,		1.9073486328125E-6,		3.960897445678711
-0.0625,		-0.0625,		-0.0625,		-0.0625,		1.0,		0.03125,		0.015625,		0.0078125,		0.00390625,		0.001953125,		9.765625E-4,		4.8828125E-4,		2.44140625E-4,		1.220703125E-4,		6.103515625E-5,		3.0517578125E-5,		1.52587890625E-5,		7.62939453125E-6,		3.814697265625E-6,		1.9073486328125E-6,		4.773397445678711
-0.03125,		-0.03125,		-0.03125,		-0.03125,		-0.03125,		1.0,		0.015625,		0.0078125,		0.00390625,		0.001953125,		9.765625E-4,		4.8828125E-4,		2.44140625E-4,		1.220703125E-4,		6.103515625E-5,		3.0517578125E-5,		1.52587890625E-5,		7.62939453125E-6,		3.814697265625E-6,		1.9073486328125E-6,		5.742147445678711
-0.015625,		-0.015625,		-0.015625,		-0.015625,		-0.015625,		-0.015625,		1.0,		0.0078125,		0.00390625,		0.001953125,		9.765625E-4,		4.8828125E-4,		2.44140625E-4,		1.220703125E-4,		6.103515625E-5,		3.0517578125E-5,		1.52587890625E-5,		7.62939453125E-6,		3.814697265625E-6,		1.9073486328125E-6,		6.773397445678711
-0.0078125,		-0.0078125,		-0.0078125,		-0.0078125,		-0.0078125,		-0.0078125,		-0.0078125,		1.0,		0.00390625,		0.001953125,		9.765625E-4,		4.8828125E-4,		2.44140625E-4,		1.220703125E-4,		6.103515625E-5,		3.0517578125E-5,		1.52587890625E-5,		7.62939453125E-6,		3.814697265625E-6,		1.9073486328125E-6,		7.820272445678711
-0.00390625,		-0.00390625,		-0.00390625,		-0.00390625,		-0.00390625,		-0.00390625,		-0.00390625,		-0.00390625,		1.0,		0.001953125,		9.765625E-4,		4.8828125E-4,		2.44140625E-4,		1.220703125E-4,		6.103515625E-5,		3.0517578125E-5,		1.52587890625E-5,		7.62939453125E-6,		3.814697265625E-6,		1.9073486328125E-6,		8.863241195678711
-0.001953125,		-0.001953125,		-0.001953125,		-0.001953125,		-0.001953125,		-0.001953125,		-0.001953125,		-0.001953125,		-0.001953125,		1.0,		9.765625E-4,		4.8828125E-4,		2.44140625E-4,		1.220703125E-4,		6.103515625E-5,		3.0517578125E-5,		1.52587890625E-5,		7.62939453125E-6,		3.814697265625E-6,		1.9073486328125E-6,		-0.08402442932128906
-9.765625E-4,		-9.765625E-4,		-9.765625E-4,		-9.765625E-4,		-9.765625E-4,		-9.765625E-4,		-9.765625E-4,		-9.765625E-4,		-9.765625E-4,		-9.765625E-4,		1.0,		4.8828125E-4,		2.44140625E-4,		1.220703125E-4,		6.103515625E-5,		3.0517578125E-5,		1.52587890625E-5,		7.62939453125E-6,		3.814697265625E-6,		1.9073486328125E-6,		0.9589443206787109
-4.8828125E-4,		-4.8828125E-4,		-4.8828125E-4,		-4.8828125E-4,		-4.8828125E-4,		-4.8828125E-4,		-4.8828125E-4,		-4.8828125E-4,		-4.8828125E-4,		-4.8828125E-4,		-4.8828125E-4,		1.0,		2.44140625E-4,		1.220703125E-4,		6.103515625E-5,		3.0517578125E-5,		1.52587890625E-5,		7.62939453125E-6,		3.814697265625E-6,		1.9073486328125E-6,		1.979452133178711
-2.44140625E-4,		-2.44140625E-4,		-2.44140625E-4,		-2.44140625E-4,		-2.44140625E-4,		-2.44140625E-4,		-2.44140625E-4,		-2.44140625E-4,		-2.44140625E-4,		-2.44140625E-4,		-2.44140625E-4,		-2.44140625E-4,		1.0,		1.220703125E-4,		6.103515625E-5,		3.0517578125E-5,		1.52587890625E-5,		7.62939453125E-6,		3.814697265625E-6,		1.9073486328125E-6,		2.989461898803711
-1.220703125E-4,		-1.220703125E-4,		-1.220703125E-4,		-1.220703125E-4,		-1.220703125E-4,		-1.220703125E-4,		-1.220703125E-4,		-1.220703125E-4,		-1.220703125E-4,		-1.220703125E-4,		-1.220703125E-4,		-1.220703125E-4,		-1.220703125E-4,		1.0,		6.103515625E-5,		3.0517578125E-5,		1.52587890625E-5,		7.62939453125E-6,		3.814697265625E-6,		1.9073486328125E-6,		3.994466781616211
-6.103515625E-5,		-6.103515625E-5,		-6.103515625E-5,		-6.103515625E-5,		-6.103515625E-5,		-6.103515625E-5,		-6.103515625E-5,		-6.103515625E-5,		-6.103515625E-5,		-6.103515625E-5,		-6.103515625E-5,		-6.103515625E-5,		-6.103515625E-5,		-6.103515625E-5,		1.0,		3.0517578125E-5,		1.52587890625E-5,		7.62939453125E-6,		3.814697265625E-6,		1.9073486328125E-6,		4.997030258178711
-3.0517578125E-5,		-3.0517578125E-5,		-3.0517578125E-5,		-3.0517578125E-5,		-3.0517578125E-5,		-3.0517578125E-5,		-3.0517578125E-5,		-3.0517578125E-5,		-3.0517578125E-5,		-3.0517578125E-5,		-3.0517578125E-5,		-3.0517578125E-5,		-3.0517578125E-5,		-3.0517578125E-5,		-3.0517578125E-5,		1.0,		1.52587890625E-5,		7.62939453125E-6,		3.814697265625E-6,		1.9073486328125E-6,		5.998373031616211
-1.52587890625E-5,		-1.52587890625E-5,		-1.52587890625E-5,		-1.52587890625E-5,		-1.52587890625E-5,		-1.52587890625E-5,		-1.52587890625E-5,		-1.52587890625E-5,		-1.52587890625E-5,		-1.52587890625E-5,		-1.52587890625E-5,		-1.52587890625E-5,		-1.52587890625E-5,		-1.52587890625E-5,		-1.52587890625E-5,		-1.52587890625E-5,		1.0,		7.62939453125E-6,		3.814697265625E-6,		1.9073486328125E-6,		6.999090194702148
-7.62939453125E-6,		-7.62939453125E-6,		-7.62939453125E-6,		-7.62939453125E-6,		-7.62939453125E-6,		-7.62939453125E-6,		-7.62939453125E-6,		-7.62939453125E-6,		-7.62939453125E-6,		-7.62939453125E-6,		-7.62939453125E-6,		-7.62939453125E-6,		-7.62939453125E-6,		-7.62939453125E-6,		-7.62939453125E-6,		-7.62939453125E-6,		-7.62939453125E-6,		1.0,		3.814697265625E-6,		1.9073486328125E-6,		7.999479293823242
-3.814697265625E-6,		-3.814697265625E-6,		-3.814697265625E-6,		-3.814697265625E-6,		-3.814697265625E-6,		-3.814697265625E-6,		-3.814697265625E-6,		-3.814697265625E-6,		-3.814697265625E-6,		-3.814697265625E-6,		-3.814697265625E-6,		-3.814697265625E-6,		-3.814697265625E-6,		-3.814697265625E-6,		-3.814697265625E-6,		-3.814697265625E-6,		-3.814697265625E-6,		-3.814697265625E-6,		1.0,		1.9073486328125E-6,		8.999692916870117
-1.9073486328125E-6,		-1.9073486328125E-6,		-1.9073486328125E-6,		-1.9073486328125E-6,		-1.9073486328125E-6,		-1.9073486328125E-6,		-1.9073486328125E-6,		-1.9073486328125E-6,		-1.9073486328125E-6,		-1.9073486328125E-6,		-1.9073486328125E-6,		-1.9073486328125E-6,		-1.9073486328125E-6,		-1.9073486328125E-6,		-1.9073486328125E-6,		-1.9073486328125E-6,		-1.9073486328125E-6,		-1.9073486328125E-6,		-1.9073486328125E-6,		1.0,		0.9998283386230469
