1302.3963414634145,		65.06,		-359.32,		-120.37,		-385.25,		-462.03,		-234.04,		83.41,		-496.79,		220.83,		22.58,		379.93,		-114.54,		-123.87,		-129.81,		347.9,		449.92,		63.54,		206.89,		-5.78,		-3371.783658536586
479.38,		1429.1829268292684,		415.33,		-290.01,		-181.77,		378.69,		-12.15,		-210.89,		-471.42,		-0.57,		498.24,		-139.24,		-444.01,		-224.37,		20.95,		53.52,		136.7,		-398.22,		-163.09,		-169.17,		-6677.684146341464
-4.58,		-409.37,		1152.3871951219514,		215.37,		-393.32,		70.91,		183.05,		-444.63,		-77.43,		188.16,		-347.75,		75.55,		5.41,		-294.05,		-360.61,		203.73,		-52.96,		55.02,		331.73,		66.2,		165.5415853658539
304.15,		284.53,		-67.91,		1371.9420731707319,		34.94,		331.61,		296.36,		490.13,		-417.47,		-54.69,		-60.35,		355.47,		318.66,		-324.68,		184.56,		-51.38,		34.72,		-431.91,		28.48,		427.97,		8954.358292682926
-453.51,		-400.01,		-486.66,		414.47,		1699.2713414634154,		421.49,		-3.55,		385.57,		-214.53,		-313.42,		-258.55,		-342.43,		-382.34,		97.56,		-325.39,		-489.05,		240.88,		309.06,		-14.68,		-20.46,		8843.226707317075
-490.67,		2.7,		488.62,		446.04,		305.46,		1554.1371951219512,		313.22,		465.17,		35.95,		-75.25,		-470.06,		169.85,		201.59,		-6.99,		-206.11,		207.06,		308.53,		445.43,		-62.1,		396.77,		26073.603170731705
-169.99,		158.16,		-275.16,		210.77,		276.6,		218.05,		1237.9329268292681,		-272.15,		-311.91,		-60.85,		-283.22,		-62.45,		20.63,		379.52,		-223.89,		136.71,		-28.94,		222.35,		-440.66,		-308.41,		4710.900487804876
-247.14,		-383.26,		281.6,		-377.59,		219.36,		461.08,		44.23,		1370.8658536585365,		-485.4,		-343.58,		-442.94,		110.91,		125.64,		56.44,		171.53,		-145.62,		-191.48,		198.27,		148.12,		-62.25,		10974.116829268294
364.32,		410.05,		414.83,		285.57,		-345.92,		-439.23,		-187.1,		493.25,		1860.5030487804881,		-457.17,		-28.92,		287.73,		-195.71,		-440.84,		-498.14,		-137.01,		-260.72,		424.62,		170.87,		-260.45,		16319.627439024389
112.32,		385.29,		54.96,		-455.0,		-65.2,		409.15,		475.06,		-484.76,		286.1,		1908.4359756097563,		-333.39,		-423.91,		-287.61,		418.64,		-266.72,		-419.46,		-480.94,		-131.09,		419.23,		-350.84,		-1833.989999999999
-172.98,		-227.06,		-369.7,		-410.68,		-264.4,		-123.12,		436.43,		53.55,		315.25,		-192.57,		1716.8445121951218,		438.2,		439.32,		-1.86,		456.24,		-479.44,		-343.78,		-325.61,		-95.12,		485.94,		-1192.1354878048774
402.43,		-66.09,		-124.58,		305.96,		-138.55,		-27.71,		-259.84,		394.67,		-315.5,		-328.15,		-434.42,		1422.9237804878048,		-392.81,		97.55,		-350.44,		-199.85,		-281.11,		-74.95,		11.84,		-460.74,		-5489.33243902439
-227.89,		463.34,		67.22,		267.84,		455.23,		-270.79,		-425.11,		-425.15,		-5.99,		-20.18,		228.41,		242.16,		1341.1341463414633,		217.22,		-72.95,		-258.23,		108.56,		440.55,		-147.64,		-54.46,		2784.32243902439
-183.5,		-159.03,		-36.57,		198.56,		-416.38,		-290.48,		419.21,		434.58,		-496.83,		-440.41,		-261.34,		197.11,		311.99,		1501.7682926829266,		216.84,		270.43,		4.53,		-235.99,		230.11,		121.91,		8417.223170731706
376.52,		-387.98,		-416.79,		-489.94,		-373.23,		-42.87,		-21.53,		422.78,		-349.88,		-142.95,		20.17,		-24.23,		66.03,		459.14,		1265.8536585365855,		22.97,		344.5,		-76.09,		104.48,		9.92,		5576.1382926829265
-385.4,		-342.28,		-135.19,		34.61,		-129.14,		-28.88,		371.71,		171.79,		329.14,		-427.72,		-287.84,		-136.23,		-374.66,		-244.35,		-401.07,		1376.4420731707319,		399.58,		-247.71,		-30.56,		36.87,		8951.312439024388
-436.8,		471.05,		161.86,		-116.95,		206.66,		-221.27,		359.82,		330.8,		-325.47,		-457.68,		392.52,		-11.24,		-193.38,		-111.56,		-221.03,		38.36,		1458.3841463414635,		-477.94,		112.69,		136.42,		8469.139024390244
-168.83,		490.96,		498.1,		451.49,		-125.84,		482.77,		-230.55,		-107.89,		41.19,		-402.81,		-349.16,		-105.94,		37.15,		-450.56,		-151.75,		99.95,		22.22,		1413.0792682926829,		303.99,		-113.75,		15945.964146341463
98.67,		467.06,		489.46,		-28.67,		-239.81,		-266.91,		-336.19,		272.71,		346.84,		347.8,		484.19,		-227.56,		85.59,		-442.71,		217.71,		396.42,		-262.21,		-7.91,		1585.673780487805,		-182.59,		16707.684024390244
224.51,		-472.39,		-137.02,		-349.82,		-145.04,		428.27,		237.23,		-276.16,		-55.49,		-123.1,		322.56,		-11.97,		-323.68,		-434.47,		367.53,		137.98,		33.96,		-244.21,		399.35,		1440.4695121951218,		1839.6195121951218
