1.0,		0.5,		0.25,		0.125,		0.0625,		0.03125,		0.015625,		0.0078125,		0.00390625,		0.001953125,		9.765625E-4,		4.8828125E-4,		2.44140625E-4,		1.220703125E-4,		6.103515625E-5,		3.0517578125E-5,		1.52587890625E-5,		7.62939453125E-6,		3.814697265625E-6,		1.9073486328125E-6,		3.960897445678711
0.5,		1.0,		0.25,		0.125,		0.0625,		0.03125,		0.015625,		0.0078125,		0.00390625,		0.001953125,		9.765625E-4,		4.8828125E-4,		2.44140625E-4,		1.220703125E-4,		6.103515625E-5,		3.0517578125E-5,		1.52587890625E-5,		7.62939453125E-6,		3.814697265625E-6,		1.9073486328125E-6,		4.460897445678711
0.25,		0.25,		1.0,		0.125,		0.0625,		0.03125,		0.015625,		0.0078125,		0.00390625,		0.001953125,		9.765625E-4,		4.8828125E-4,		2.44140625E-4,		1.220703125E-4,		6.103515625E-5,		3.0517578125E-5,		1.52587890625E-5,		7.62939453125E-6,		3.814697265625E-6,		1.9073486328125E-6,		4.960897445678711
0.125,		0.125,		0.125,		1.0,		0.0625,		0.03125,		0.015625,		0.0078125,		0.00390625,		0.001953125,		9.765625E-4,		4.8828125E-4,		2.44140625E-4,		1.220703125E-4,		6.103515625E-5,		3.0517578125E-5,		1.52587890625E-5,		7.62939453125E-6,		3.814697265625E-6,		1.9073486328125E-6,		5.460897445678711
0.0625,		0.0625,		0.0625,		0.0625,		1.0,		0.03125,		0.015625,		0.0078125,		0.00390625,		0.001953125,		9.765625E-4,		4.8828125E-4,		2.44140625E-4,		1.220703125E-4,		6.103515625E-5,		3.0517578125E-5,		1.52587890625E-5,		7.62939453125E-6,		3.814697265625E-6,		1.9073486328125E-6,		6.023397445678711
0.03125,		0.03125,		0.03125,		0.03125,		0.03125,		1.0,		0.015625,		0.0078125,		0.00390625,		0.001953125,		9.765625E-4,		4.8828125E-4,		2.44140625E-4,		1.220703125E-4,		6.103515625E-5,		3.0517578125E-5,		1.52587890625E-5,		7.62939453125E-6,		3.814697265625E-6,		1.9073486328125E-6,		6.679647445678711
0.015625,		0.015625,		0.015625,		0.015625,		0.015625,		0.015625,		1.0,		0.0078125,		0.00390625,		0.001953125,		9.765625E-4,		4.8828125E-4,		2.44140625E-4,		1.220703125E-4,		6.103515625E-5,		3.0517578125E-5,		1.52587890625E-5,		7.62939453125E-6,		3.814697265625E-6,		1.9073486328125E-6,		7.429647445678711
0.0078125,		0.0078125,		0.0078125,		0.0078125,		0.0078125,		0.0078125,		0.0078125,		1.0,		0.00390625,		0.001953125,		9.765625E-4,		4.8828125E-4,		2.44140625E-4,		1.220703125E-4,		6.103515625E-5,		3.0517578125E-5,		1.52587890625E-5,		7.62939453125E-6,		3.814697265625E-6,		1.9073486328125E-6,		8.257772445678711
0.00390625,		0.00390625,		0.00390625,		0.00390625,		0.00390625,		0.00390625,		0.00390625,		0.00390625,		1.0,		0.001953125,		9.765625E-4,		4.8828125E-4,		2.44140625E-4,		1.220703125E-4,		6.103515625E-5,		3.0517578125E-5,		1.52587890625E-5,		7.62939453125E-6,		3.814697265625E-6,		1.9073486328125E-6,		9.144491195678711
0.001953125,		0.001953125,		0.001953125,		0.001953125,		0.001953125,		0.001953125,		0.001953125,		0.001953125,		0.001953125,		1.0,		9.765625E-4,		4.8828125E-4,		2.44140625E-4,		1.220703125E-4,		6.103515625E-5,		3.0517578125E-5,		1.52587890625E-5,		7.62939453125E-6,		3.814697265625E-6,		1.9073486328125E-6,		0.09175682067871094
9.765625E-4,		9.765625E-4,		9.765625E-4,		9.765625E-4,		9.765625E-4,		9.765625E-4,		9.765625E-4,		9.765625E-4,		9.765625E-4,		9.765625E-4,		1.0,		4.8828125E-4,		2.44140625E-4,		1.220703125E-4,		6.103515625E-5,		3.0517578125E-5,		1.52587890625E-5,		7.62939453125E-6,		3.814697265625E-6,		1.9073486328125E-6,		1.046834945678711
4.8828125E-4,		4.8828125E-4,		4.8828125E-4,		4.8828125E-4,		4.8828125E-4,		4.8828125E-4,		4.8828125E-4,		4.8828125E-4,		4.8828125E-4,		4.8828125E-4,		4.8828125E-4,		1.0,		2.44140625E-4,		1.220703125E-4,		6.103515625E-5,		3.0517578125E-5,		1.52587890625E-5,		7.62939453125E-6,		3.814697265625E-6,		1.9073486328125E-6,		2.024374008178711
2.44140625E-4,		2.44140625E-4,		2.44140625E-4,		2.44140625E-4,		2.44140625E-4,		2.44140625E-4,		2.44140625E-4,		2.44140625E-4,		2.44140625E-4,		2.44140625E-4,		2.44140625E-4,		2.44140625E-4,		1.0,		1.220703125E-4,		6.103515625E-5,		3.0517578125E-5,		1.52587890625E-5,		7.62939453125E-6,		3.814697265625E-6,		1.9073486328125E-6,		3.012899398803711
1.220703125E-4,		1.220703125E-4,		1.220703125E-4,		1.220703125E-4,		1.220703125E-4,		1.220703125E-4,		1.220703125E-4,		1.220703125E-4,		1.220703125E-4,		1.220703125E-4,		1.220703125E-4,		1.220703125E-4,		1.220703125E-4,		1.0,		6.103515625E-5,		3.0517578125E-5,		1.52587890625E-5,		7.62939453125E-6,		3.814697265625E-6,		1.9073486328125E-6,		4.006917953491211
6.103515625E-5,		6.103515625E-5,		6.103515625E-5,		6.103515625E-5,		6.103515625E-5,		6.103515625E-5,		6.103515625E-5,		6.103515625E-5,		6.103515625E-5,		6.103515625E-5,		6.103515625E-5,		6.103515625E-5,		6.103515625E-5,		6.103515625E-5,		1.0,		3.0517578125E-5,		1.52587890625E-5,		7.62939453125E-6,		3.814697265625E-6,		1.9073486328125E-6,		5.003744125366211
3.0517578125E-5,		3.0517578125E-5,		3.0517578125E-5,		3.0517578125E-5,		3.0517578125E-5,		3.0517578125E-5,		3.0517578125E-5,		3.0517578125E-5,		3.0517578125E-5,		3.0517578125E-5,		3.0517578125E-5,		3.0517578125E-5,		3.0517578125E-5,		3.0517578125E-5,		3.0517578125E-5,		1.0,		1.52587890625E-5,		7.62939453125E-6,		3.814697265625E-6,		1.9073486328125E-6,		6.002035140991211
1.52587890625E-5,		1.52587890625E-5,		1.52587890625E-5,		1.52587890625E-5,		1.52587890625E-5,		1.52587890625E-5,		1.52587890625E-5,		1.52587890625E-5,		1.52587890625E-5,		1.52587890625E-5,		1.52587890625E-5,		1.52587890625E-5,		1.52587890625E-5,		1.52587890625E-5,		1.52587890625E-5,		1.52587890625E-5,		1.0,		7.62939453125E-6,		3.814697265625E-6,		1.9073486328125E-6,		7.001104354858398
7.62939453125E-6,		7.62939453125E-6,		7.62939453125E-6,		7.62939453125E-6,		7.62939453125E-6,		7.62939453125E-6,		7.62939453125E-6,		7.62939453125E-6,		7.62939453125E-6,		7.62939453125E-6,		7.62939453125E-6,		7.62939453125E-6,		7.62939453125E-6,		7.62939453125E-6,		7.62939453125E-6,		7.62939453125E-6,		7.62939453125E-6,		1.0,		3.814697265625E-6,		1.9073486328125E-6,		8.000593185424805
3.814697265625E-6,		3.814697265625E-6,		3.814697265625E-6,		3.814697265625E-6,		3.814697265625E-6,		3.814697265625E-6,		3.814697265625E-6,		3.814697265625E-6,		3.814697265625E-6,		3.814697265625E-6,		3.814697265625E-6,		3.814697265625E-6,		3.814697265625E-6,		3.814697265625E-6,		3.814697265625E-6,		3.814697265625E-6,		3.814697265625E-6,		3.814697265625E-6,		1.0,		1.9073486328125E-6,		9.000310897827148
1.9073486328125E-6,		1.9073486328125E-6,		1.9073486328125E-6,		1.9073486328125E-6,		1.9073486328125E-6,		1.9073486328125E-6,		1.9073486328125E-6,		1.9073486328125E-6,		1.9073486328125E-6,		1.9073486328125E-6,		1.9073486328125E-6,		1.9073486328125E-6,		1.9073486328125E-6,		1.9073486328125E-6,		1.9073486328125E-6,		1.9073486328125E-6,		1.9073486328125E-6,		1.9073486328125E-6,		1.9073486328125E-6,		1.0,		1.0001716613769531
